1.000 0.000 0.141 0.121 0.000 0.075 0.000 0.151 0.123 0.048 0.143 0.000 0.112 0.102 0.120 0.172 0.117 0.128 0.000 0.000 0.000 0.088 0.144 0.000 0.000 0.000 0.079 0.095 0.104 0.174 0.069 0.000 0.117 0.182 0.160 0.072 0.075 0.098 0.000 0.112 0.000 0.131 0.000 0.000 0.129 0.129 0.139 0.269 0.125 0.177 0.094 0.217
0.000 1.000 0.000 0.030 0.000 0.000 0.000 0.000 0.000 0.000 0.000 0.000 0.000 0.000 0.000 0.000 0.000 0.000 0.000 0.000 0.000 0.000 0.000 0.000 0.000 0.000 0.000 0.021 0.000 0.000 0.000 0.000 0.000 0.000 0.000 0.000 0.000 0.000 0.000 0.000 0.000 0.000 0.000 0.000 0.000 0.000 0.062 0.000 0.000 0.000 0.000 0.000
0.141 0.000 1.000 0.277 0.000 0.114 0.089 0.325 0.207 0.048 0.162 0.073 0.056 0.128 0.382 0.130 0.216 0.370 0.044 0.103 0.036 0.067 0.073 0.063 0.103 0.089 0.099 0.347 0.139 0.164 0.174 0.000 0.275 0.152 0.174 0.163 0.152 0.197 0.126 0.056 0.073 0.275 0.084 0.024 0.146 0.146 0.302 0.203 0.094 0.133 0.143 0.109
0.121 0.030 0.277 1.000 0.043 0.091 0.043 0.265 0.139 0.081 0.181 0.104 0.054 0.098 0.268 0.097 0.217 0.301 0.043 0.049 0.070 0.064 0.104 0.030 0.074 0.085 0.057 0.388 0.159 0.147 0.167 0.030 0.268 0.088 0.154 0.122 0.127 0.142 0.090 0.027 0.035 0.258 0.027 0.046 0.156 0.171 0.327 0.173 0.060 0.107 0.114 0.139
0.000 0.000 0.000 0.043 1.000 0.000 0.000 0.000 0.000 0.000 0.000 0.000 0.000 0.000 0.000 0.000 0.000 0.000 0.000 0.000 0.000 0.000 0.000 0.000 0.000 0.000 0.000 0.000 0.000 0.000 0.000 0.000 0.000 0.000 0.000 0.000 0.000 0.000 0.000 0.000 0.000 0.000 0.000 0.000 0.000 0.000 0.000 0.000 0.000 0.000 0.000 0.000
0.075 0.000 0.114 0.091 0.000 1.000 0.213 0.104 0.149 0.116 0.086 0.174 0.135 0.246 0.124 0.138 0.094 0.096 0.213 0.123 0.000 0.107 0.174 0.151 0.246 0.213 0.095 0.114 0.084 0.105 0.251 0.000 0.118 0.219 0.129 0.174 0.182 0.118 0.151 0.135 0.174 0.079 0.000 0.000 0.234 0.156 0.112 0.108 0.000 0.213 0.114 0.174
0.000 0.000 0.089 0.043 0.000 0.213 1.000 0.061 0.116 0.136 0.101 0.408 0.316 0.289 0.097 0.000 0.110 0.090 0.500 0.289 0.000 0.250 0.000 0.354 0.289 0.500 0.000 0.060 0.098 0.123 0.196 0.000 0.055 0.171 0.151 0.204 0.213 0.139 0.354 0.000 0.408 0.062 0.000 0.000 0.183 0.183 0.087 0.000 0.000 0.250 0.267 0.204
0.151 0.000 0.325 0.265 0.000 0.104 0.061 1.000 0.170 0.099 0.111 0.099 0.077 0.176 0.294 0.158 0.188 0.280 0.122 0.070 0.099 0.061 0.099 0.043 0.105 0.122 0.109 0.261 0.095 0.150 0.167 0.000 0.356 0.104 0.183 0.199 0.208 0.186 0.129 0.038 0.099 0.293 0.077 0.098 0.156 0.200 0.249 0.247 0.086 0.152 0.163 0.099
0.123 0.000 0.207 0.139 0.000 0.149 0.116 0.170 1.000 0.158 0.094 0.095 0.147 0.201 0.180 0.075 0.154 0.179 0.116 0.134 0.095 0.058 0.095 0.082 0.067 0.116 0.104 0.145 0.160 0.114 0.182 0.000 0.128 0.159 0.105 0.095 0.099 0.129 0.164 0.074 0.095 0.172 0.000 0.062 0.170 0.127 0.162 0.059 0.000 0.174 0.124 0.142
0.048 0.000 0.048 0.081 0.000 0.116 0.136 0.099 0.158 1.000 0.082 0.111 0.086 0.079 0.105 0.044 0.060 0.086 0.136 0.079 0.000 0.068 0.111 0.096 0.079 0.136 0.061 0.089 0.080 0.101 0.107 0.000 0.060 0.093 0.123 0.111 0.116 0.075 0.096 0.086 0.111 0.050 0.000 0.000 0.099 0.149 0.095 0.035 0.000 0.204 0.073 0.111
0.143 0.000 0.162 0.181 0.000 0.086 0.101 0.111 0.094 0.082 1.000 0.082 0.064 0.117 0.127 0.098 0.178 0.155 0.101 0.058 0.000 0.051 0.247 0.071 0.117 0.202 0.045 0.150 0.059 0.075 0.119 0.000 0.190 0.104 0.091 0.124 0.129 0.084 0.143 0.064 0.082 0.150 0.064 0.000 0.111 0.111 0.141 0.154 0.071 0.202 0.054 0.165
0.000 0.000 0.073 0.104 0.000 0.174 0.408 0.099 0.095 0.111 0.082 1.000 0.258 0.236 0.079 0.000 0.090 0.111 0.408 0.236 0.000 0.204 0.000 0.289 0.236 0.408 0.000 0.073 0.160 0.101 0.160 0.000 0.090 0.280 0.123 0.167 0.174 0.113 0.289 0.000 0.333 0.101 0.000 0.000 0.149 0.149 0.107 0.000 0.000 0.204 0.218 0.167
0.112 0.000 0.056 0.054 0.000 0.135 0.316 0.077 0.147 0.086 0.064 0.258 1.000 0.365 0.092 0.000 0.140 0.114 0.316 0.183 0.000 0.158 0.000 0.224 0.183 0.316 0.000 0.038 0.124 0.156 0.124 0.000 0.070 0.108 0.095 0.129 0.135 0.088 0.224 0.000 0.258 0.078 0.000 0.000 0.231 0.115 0.083 0.000 0.000 0.316 0.169 0.258
0.102 0.000 0.128 0.098 0.000 0.246 0.289 0.176 0.201 0.079 0.117 0.236 0.365 1.000 0.112 0.000 0.191 0.130 0.289 0.167 0.236 0.144 0.000 0.204 0.167 0.289 0.000 0.086 0.113 0.142 0.340 0.000 0.128 0.099 0.087 0.118 0.123 0.080 0.408 0.000 0.236 0.178 0.000 0.154 0.316 0.105 0.050 0.000 0.000 0.289 0.154 0.236
0.120 0.000 0.382 0.268 0.000 0.124 0.097 0.294 0.180 0.105 0.127 0.079 0.092 0.112 1.000 0.078 0.171 0.411 0.097 0.084 0.039 0.097 0.079 0.068 0.140 0.097 0.086 0.299 0.114 0.167 0.114 0.000 0.278 0.149 0.204 0.138 0.144 0.161 0.137 0.092 0.039 0.269 0.092 0.026 0.159 0.177 0.312 0.172 0.103 0.121 0.052 0.138
0.172 0.000 0.130 0.097 0.000 0.138 0.000 0.158 0.075 0.044 0.098 0.000 0.000 0.000 0.078 1.000 0.107 0.103 0.000 0.000 0.000 0.000 0.265 0.000 0.187 0.162 0.073 0.097 0.032 0.160 0.064 0.000 0.125 0.056 0.098 0.066 0.069 0.045 0.115 0.103 0.000 0.100 0.103 0.000 0.059 0.059 0.085 0.330 0.115 0.162 0.087 0.132
0.117 0.000 0.216 0.217 0.000 0.094 0.110 0.188 0.154 0.060 0.178 0.090 0.140 0.191 0.171 0.107 1.000 0.150 0.110 0.064 0.090 0.110 0.180 0.078 0.128 0.221 0.049 0.164 0.195 0.163 0.173 0.078 0.159 0.114 0.166 0.180 0.188 0.184 0.234 0.070 0.090 0.205 0.070 0.059 0.202 0.242 0.202 0.140 0.078 0.221 0.059 0.225
0.128 0.000 0.370 0.301 0.000 0.096 0.090 0.280 0.179 0.086 0.155 0.111 0.114 0.130 0.411 0.103 0.150 1.000 0.090 0.052 0.000 0.113 0.074 0.032 0.104 0.090 0.101 0.339 0.124 0.145 0.159 0.000 0.299 0.108 0.163 0.129 0.135 0.175 0.064 0.086 0.037 0.290 0.029 0.024 0.165 0.181 0.358 0.184 0.096 0.158 0.121 0.129
0.000 0.000 0.044 0.043 0.000 0.213 0.500 0.122 0.116 0.136 0.101 0.408 0.316 0.289 0.097 0.000 0.110 0.090 1.000 0.289 0.000 0.250 0.000 0.354 0.289 0.500 0.224 0.060 0.098 0.246 0.196 0.000 0.110 0.171 0.151 0.204 0.213 0.139 0.354 0.000 0.408 0.062 0.000 0.000 0.183 0.183 0.044 0.000 0.000 0.250 0.267 0.204
0.000 0.000 0.103 0.049 0.000 0.123 0.289 0.070 0.134 0.079 0.058 0.236 0.183 0.167 0.084 0.000 0.064 0.052 0.289 1.000 0.000 0.144 0.000 0.204 0.167 0.289 0.000 0.069 0.340 0.071 0.113 0.000 0.096 0.099 0.174 0.118 0.123 0.080 0.204 0.000 0.236 0.107 0.000 0.000 0.105 0.105 0.076 0.000 0.000 0.144 0.154 0.118
0.000 0.000 0.036 0.070 0.000 0.000 0.000 0.099 0.095 0.000 0.000 0.000 0.000 0.236 0.039 0.000 0.090 0.000 0.000 0.000 1.000 0.000 0.000 0.000 0.000 0.000 0.000 0.024 0.000 0.000 0.160 0.000 0.000 0.000 0.000 0.000 0.000 0.000 0.289 0.000 0.000 0.050 0.000 0.218 0.000 0.000 0.000 0.000 0.000 0.000 0.000 0.000
0.088 0.000 0.067 0.064 0.000 0.107 0.250 0.061 0.058 0.068 0.051 0.204 0.158 0.144 0.097 0.000 0.110 0.113 0.250 0.144 0.000 1.000 0.000 0.177 0.144 0.250 0.000 0.060 0.049 0.062 0.098 0.000 0.083 0.086 0.075 0.102 0.107 0.208 0.177 0.000 0.204 0.124 0.158 0.000 0.091 0.274 0.065 0.064 0.000 0.125 0.134 0.102
0.144 0.000 0.073 0.104 0.000 0.174 0.000 0.099 0.095 0.111 0.247 0.000 0.000 0.000 0.079 0.265 0.180 0.074 0.000 0.000 0.000 0.000 1.000 0.000 0.236 0.408 0.183 0.049 0.080 0.101 0.160 0.000 0.090 0.140 0.123 0.167 0.174 0.113 0.289 0.258 0.000 0.101 0.258 0.000 0.149 0.149 0.071 0.207 0.289 0.408 0.000 0.167
0.000 0.000 0.063 0.030 0.000 0.151 0.354 0.043 0.082 0.096 0.071 0.289 0.224 0.204 0.068 0.000 0.078 0.032 0.354 0.204 0.000 0.177 0.000 1.000 0.204 0.354 0.000 0.021 0.069 0.087 0.139 0.000 0.039 0.121 0.107 0.144 0.151 0.098 0.250 0.000 0.289 0.044 0.000 0.000 0.129 0.129 0.031 0.000 0.000 0.177 0.189 0.144
0.000 0.000 0.103 0.074 0.000 0.246 0.289 0.105 0.067 0.079 0.117 0.236 0.183 0.167 0.140 0.187 0.128 0.104 0.289 0.167 0.000 0.144 0.236 0.204 1.000 0.577 0.000 0.069 0.057 0.142 0.113 0.000 0.096 0.099 0.087 0.118 0.123 0.080 0.612 0.000 0.236 0.107 0.365 0.000 0.105 0.105 0.101 0.147 0.204 0.289 0.154 0.118
0.000 0.000 0.089 0.085 0.000 0.213 0.500 0.122 0.116 0.136 0.202 0.408 0.316 0.289 0.097 0.162 0.221 0.090 0.500 0.289 0.000 0.250 0.408 0.354 0.577 1.000 0.000 0.060 0.098 0.123 0.196 0.000 0.110 0.171 0.151 0.204 0.213 0.139 0.707 0.000 0.408 0.124 0.316 0.000 0.183 0.183 0.087 0.127 0.354 0.500 0.267 0.204
0.079 0.000 0.099 0.057 0.000 0.095 0.000 0.109 0.104 0.061 0.045 0.000 0.000 0.000 0.086 0.073 0.049 0.101 0.224 0.000 0.000 0.000 0.183 0.000 0.000 0.000 1.000 0.080 0.088 0.165 0.175 0.000 0.074 0.077 0.067 0.091 0.095 0.062 0.000 0.141 0.000 0.055 0.000 0.000 0.163 0.245 0.058 0.057 0.158 0.112 0.000 0.091
0.095 0.021 0.347 0.388 0.000 0.114 0.060 0.261 0.145 0.089 0.150 0.073 0.038 0.086 0.299 0.097 0.164 0.339 0.060 0.069 0.024 0.060 0.049 0.021 0.069 0.060 0.080 1.000 0.140 0.139 0.105 0.042 0.296 0.092 0.117 0.109 0.102 0.132 0.063 0.094 0.024 0.291 0.019 0.048 0.109 0.120 0.405 0.166 0.063 0.104 0.095 0.122
0.104 0.000 0.139 0.159 0.000 0.084 0.098 0.095 0.160 0.080 0.059 0.160 0.124 0.113 0.114 0.032 0.195 0.124 0.098 0.340 0.000 0.049 0.080 0.069 0.057 0.098 0.088 0.140 1.000 0.097 0.077 0.069 0.141 0.135 0.118 0.080 0.084 0.109 0.069 0.062 0.080 0.133 0.062 0.000 0.107 0.143 0.180 0.025 0.069 0.147 0.105 0.120
0.174 0.000 0.164 0.147 0.000 0.105 0.123 0.150 0.114 0.101 0.075 0.101 0.156 0.142 0.167 0.160 0.163 0.145 0.246 0.071 0.000 0.062 0.101 0.087 0.142 0.123 0.165 0.139 0.097 1.000 0.145 0.000 0.177 0.127 0.186 0.201 0.210 0.137 0.174 0.078 0.101 0.183 0.078 0.066 0.270 0.180 0.161 0.125 0.087 0.246 0.197 0.201
0.069 0.000 0.174 0.167 0.000 0.251 0.196 0.167 0.182 0.107 0.119 0.160 0.124 0.340 0.114 0.064 0.173 0.159 0.196 0.113 0.160 0.098 0.160 0.139 0.113 0.196 0.175 0.105 0.077 0.145 1.000 0.000 0.130 0.135 0.118 0.160 0.167 0.163 0.277 0.124 0.160 0.145 0.000 0.105 0.286 0.286 0.103 0.050 0.000 0.392 0.210 0.160
0.000 0.000 0.000 0.030 0.000 0.000 0.000 0.000 0.000 0.000 0.000 0.000 0.000 0.000 0.000 0.000 0.078 0.000 0.000 0.000 0.000 0.000 0.000 0.000 0.000 0.000 0.000 0.042 0.069 0.000 0.000 1.000 0.000 0.000 0.000 0.000 0.000 0.000 0.000 0.000 0.000 0.000 0.000 0.000 0.000 0.000 0.031 0.000 0.000 0.000 0.000 0.000
0.117 0.000 0.275 0.268 0.000 0.118 0.055 0.356 0.128 0.060 0.190 0.090 0.070 0.128 0.278 0.125 0.159 0.299 0.110 0.096 0.000 0.083 0.090 0.039 0.096 0.110 0.074 0.296 0.141 0.177 0.130 0.000 1.000 0.114 0.150 0.135 0.141 0.168 0.078 0.070 0.045 0.300 0.035 0.089 0.141 0.181 0.279 0.224 0.078 0.138 0.118 0.135
0.182 0.000 0.152 0.088 0.000 0.219 0.171 0.104 0.159 0.093 0.104 0.280 0.108 0.099 0.149 0.056 0.114 0.108 0.171 0.099 0.000 0.086 0.140 0.121 0.099 0.171 0.077 0.092 0.135 0.127 0.135 0.000 0.114 1.000 0.155 0.140 0.146 0.143 0.121 0.108 0.140 0.085 0.000 0.000 0.125 0.125 0.135 0.087 0.121 0.171 0.183 0.140
0.160 0.000 0.174 0.154 0.000 0.129 0.151 0.183 0.105 0.123 0.091 0.123 0.095 0.087 0.204 0.098 0.166 0.163 0.151 0.174 0.000 0.075 0.123 0.107 0.087 0.151 0.067 0.117 0.118 0.186 0.118 0.000 0.150 0.155 1.000 0.677 0.707 0.418 0.107 0.095 0.123 0.168 0.000 0.000 0.165 0.165 0.184 0.153 0.000 0.151 0.081 0.185
0.072 0.000 0.163 0.122 0.000 0.174 0.204 0.199 0.095 0.111 0.124 0.167 0.129 0.118 0.138 0.066 0.180 0.129 0.204 0.118 0.000 0.102 0.167 0.144 0.118 0.204 0.091 0.109 0.080 0.201 0.160 0.000 0.135 0.140 0.677 1.000 0.957 0.566 0.144 0.129 0.167 0.151 0.000 0.000 0.224 0.224 0.125 0.104 0.000 0.204 0.109 0.167
0.075 0.000 0.152 0.127 0.000 0.182 0.213 0.208 0.099 0.116 0.129 0.174 0.135 0.123 0.144 0.069 0.188 0.135 0.213 0.123 0.000 0.107 0.174 0.151 0.123 0.213 0.095 0.102 0.084 0.210 0.167 0.000 0.141 0.146 0.707 0.957 1.000 0.591 0.151 0.135 0.174 0.158 0.000 0.000 0.234 0.234 0.130 0.108 0.000 0.213 0.114 0.174
0.098 0.000 0.197 0.142 0.000 0.118 0.139 0.186 0.129 0.075 0.084 0.113 0.088 0.080 0.161 0.045 0.184 0.175 0.139 0.080 0.000 0.208 0.113 0.098 0.080 0.139 0.062 0.132 0.109 0.137 0.163 0.000 0.168 0.143 0.418 0.566 0.591 1.000 0.098 0.088 0.113 0.188 0.000 0.000 0.152 0.203 0.145 0.106 0.098 0.139 0.148 0.113
0.000 0.000 0.126 0.090 0.000 0.151 0.354 0.129 0.164 0.096 0.143 0.289 0.224 0.408 0.137 0.115 0.234 0.064 0.354 0.204 0.289 0.177 0.289 0.250 0.612 0.707 0.000 0.063 0.069 0.174 0.277 0.000 0.078 0.121 0.107 0.144 0.151 0.098 1.000 0.000 0.289 0.175 0.447 0.189 0.129 0.129 0.092 0.090 0.250 0.354 0.189 0.144
0.112 0.000 0.056 0.027 0.000 0.135 0.000 0.038 0.074 0.086 0.064 0.000 0.000 0.000 0.092 0.103 0.070 0.086 0.000 0.000 0.000 0.000 0.258 0.000 0.000 0.000 0.141 0.094 0.062 0.078 0.124 0.000 0.070 0.108 0.095 0.129 0.135 0.088 0.000 1.000 0.000 0.078 0.000 0.000 0.115 0.115 0.028 0.080 0.000 0.158 0.000 0.129
0.000 0.000 0.073 0.035 0.000 0.174 0.408 0.099 0.095 0.111 0.082 0.333 0.258 0.236 0.039 0.000 0.090 0.037 0.408 0.236 0.000 0.204 0.000 0.289 0.236 0.408 0.000 0.024 0.080 0.101 0.160 0.000 0.045 0.140 0.123 0.167 0.174 0.113 0.289 0.000 1.000 0.050 0.000 0.000 0.149 0.149 0.036 0.000 0.000 0.204 0.218 0.167
0.131 0.000 0.275 0.258 0.000 0.079 0.062 0.293 0.172 0.050 0.150 0.101 0.078 0.178 0.269 0.100 0.205 0.290 0.062 0.107 0.050 0.124 0.101 0.044 0.107 0.124 0.055 0.291 0.133 0.183 0.145 0.000 0.300 0.085 0.168 0.151 0.158 0.188 0.175 0.078 0.050 1.000 0.195 0.033 0.203 0.180 0.286 0.204 0.087 0.154 0.066 0.151
0.000 0.000 0.084 0.027 0.000 0.000 0.000 0.077 0.000 0.000 0.064 0.000 0.000 0.000 0.092 0.103 0.070 0.029 0.000 0.000 0.000 0.158 0.258 0.000 0.365 0.316 0.000 0.019 0.062 0.078 0.000 0.000 0.035 0.000 0.000 0.000 0.000 0.000 0.447 0.000 0.000 0.195 1.000 0.000 0.000 0.000 0.055 0.161 0.224 0.158 0.000 0.000
0.000 0.000 0.024 0.046 0.000 0.000 0.000 0.098 0.062 0.000 0.000 0.000 0.000 0.154 0.026 0.000 0.059 0.024 0.000 0.000 0.218 0.000 0.000 0.000 0.000 0.000 0.000 0.048 0.000 0.066 0.105 0.000 0.089 0.000 0.000 0.000 0.000 0.000 0.189 0.000 0.000 0.033 0.000 1.000 0.000 0.000 0.023 0.000 0.000 0.000 0.000 0.000
0.129 0.000 0.146 0.156 0.000 0.234 0.183 0.156 0.170 0.099 0.111 0.149 0.231 0.316 0.159 0.059 0.202 0.165 0.183 0.105 0.000 0.091 0.149 0.129 0.105 0.183 0.163 0.109 0.107 0.270 0.286 0.000 0.141 0.125 0.165 0.224 0.234 0.152 0.129 0.115 0.149 0.203 0.000 0.000 1.000 0.333 0.127 0.139 0.000 0.274 0.098 0.224
0.129 0.000 0.146 0.171 0.000 0.156 0.183 0.200 0.127 0.149 0.111 0.149 0.115 0.105 0.177 0.059 0.242 0.181 0.183 0.105 0.000 0.274 0.149 0.129 0.105 0.183 0.245 0.120 0.143 0.180 0.286 0.000 0.181 0.125 0.165 0.224 0.234 0.203 0.129 0.115 0.149 0.180 0.000 0.000 0.333 1.000 0.143 0.139 0.000 0.183 0.098 0.149
0.139 0.062 0.302 0.327 0.000 0.112 0.087 0.249 0.162 0.095 0.141 0.107 0.083 0.050 0.312 0.085 0.202 0.358 0.044 0.076 0.000 0.065 0.071 0.031 0.101 0.087 0.058 0.405 0.180 0.161 0.103 0.031 0.279 0.135 0.184 0.125 0.130 0.145 0.092 0.028 0.036 0.286 0.055 0.023 0.127 0.143 1.000 0.122 0.062 0.109 0.070 0.125
0.269 0.000 0.203 0.173 0.000 0.108 0.000 0.247 0.059 0.035 0.154 0.000 0.000 0.000 0.172 0.330 0.140 0.184 0.000 0.000 0.000 0.064 0.207 0.000 0.147 0.127 0.057 0.166 0.025 0.125 0.050 0.000 0.224 0.087 0.153 0.104 0.108 0.106 0.090 0.080 0.000 0.204 0.161 0.000 0.139 0.139 0.122 1.000 0.090 0.127 0.068 0.104
0.125 0.000 0.094 0.060 0.000 0.000 0.000 0.086 0.000 0.000 0.071 0.000 0.000 0.000 0.103 0.115 0.078 0.096 0.000 0.000 0.000 0.000 0.289 0.000 0.204 0.354 0.158 0.063 0.069 0.087 0.000 0.000 0.078 0.121 0.000 0.000 0.000 0.098 0.250 0.000 0.000 0.087 0.224 0.000 0.000 0.000 0.062 0.090 1.000 0.177 0.189 0.000
0.177 0.000 0.133 0.107 0.000 0.213 0.250 0.152 0.174 0.204 0.202 0.204 0.316 0.289 0.121 0.162 0.221 0.158 0.250 0.144 0.000 0.125 0.408 0.177 0.289 0.500 0.112 0.104 0.147 0.246 0.392 0.000 0.138 0.171 0.151 0.204 0.213 0.139 0.354 0.158 0.204 0.154 0.158 0.000 0.274 0.183 0.109 0.127 0.177 1.000 0.267 0.306
0.094 0.000 0.143 0.114 0.000 0.114 0.267 0.163 0.124 0.073 0.054 0.218 0.169 0.154 0.052 0.087 0.059 0.121 0.267 0.154 0.000 0.134 0.000 0.189 0.154 0.267 0.000 0.095 0.105 0.197 0.210 0.000 0.118 0.183 0.081 0.109 0.114 0.148 0.189 0.000 0.218 0.066 0.000 0.000 0.098 0.098 0.070 0.068 0.189 0.267 1.000 0.109
0.217 0.000 0.109 0.139 0.000 0.174 0.204 0.099 0.142 0.111 0.165 0.167 0.258 0.236 0.138 0.132 0.225 0.129 0.204 0.118 0.000 0.102 0.167 0.144 0.118 0.204 0.091 0.122 0.120 0.201 0.160 0.000 0.135 0.140 0.185 0.167 0.174 0.113 0.144 0.129 0.167 0.151 0.000 0.000 0.224 0.149 0.125 0.104 0.000 0.306 0.109 1.000
