1.000 0.111 0.129 0.201 0.099 0.092 0.134 0.057 0.082 0.117 0.240 0.184 0.026 0.260 0.291 0.214 0.233 0.144 0.089 0.157 0.101 0.230 0.123 0.213 0.261 0.259 0.111 0.154 0.110 0.246 0.174
0.111 1.000 0.048 0.123 0.124 0.226 0.078 0.234 0.000 0.095 0.094 0.161 0.107 0.118 0.116 0.122 0.132 0.173 0.181 0.178 0.177 0.125 0.209 0.187 0.130 0.138 0.151 0.135 0.129 0.148 0.000
0.129 0.048 1.000 0.183 0.114 0.040 0.061 0.122 0.000 0.100 0.133 0.183 0.056 0.159 0.149 0.191 0.193 0.127 0.126 0.112 0.155 0.147 0.110 0.163 0.136 0.121 0.000 0.118 0.067 0.097 0.037
0.201 0.123 0.183 1.000 0.154 0.119 0.228 0.123 0.113 0.108 0.259 0.242 0.024 0.228 0.244 0.261 0.220 0.172 0.136 0.144 0.187 0.275 0.179 0.246 0.234 0.145 0.068 0.193 0.131 0.168 0.096
0.099 0.124 0.114 0.154 1.000 0.051 0.132 0.132 0.028 0.065 0.170 0.183 0.036 0.132 0.158 0.186 0.206 0.141 0.205 0.230 0.161 0.212 0.114 0.138 0.124 0.094 0.051 0.107 0.131 0.101 0.073
0.092 0.226 0.040 0.119 0.051 1.000 0.032 0.129 0.000 0.158 0.094 0.089 0.000 0.084 0.117 0.067 0.066 0.086 0.050 0.147 0.049 0.091 0.139 0.155 0.086 0.114 0.000 0.037 0.053 0.092 0.059
0.134 0.078 0.061 0.228 0.132 0.032 1.000 0.133 0.072 0.122 0.157 0.173 0.000 0.180 0.171 0.148 0.169 0.118 0.077 0.061 0.152 0.174 0.179 0.133 0.167 0.197 0.129 0.135 0.055 0.095 0.091
0.057 0.234 0.122 0.123 0.132 0.129 0.133 1.000 0.000 0.163 0.097 0.207 0.091 0.115 0.088 0.087 0.135 0.118 0.155 0.152 0.203 0.134 0.179 0.107 0.133 0.118 0.065 0.154 0.110 0.127 0.061
0.082 0.000 0.000 0.113 0.028 0.000 0.072 0.000 1.000 0.175 0.078 0.000 0.000 0.124 0.118 0.093 0.073 0.127 0.000 0.000 0.054 0.057 0.038 0.086 0.167 0.042 0.069 0.041 0.000 0.171 0.065
0.117 0.095 0.100 0.108 0.065 0.158 0.122 0.163 0.175 1.000 0.089 0.113 0.000 0.124 0.108 0.149 0.193 0.181 0.063 0.075 0.124 0.098 0.175 0.098 0.163 0.193 0.079 0.189 0.067 0.195 0.149
0.240 0.094 0.133 0.259 0.170 0.094 0.157 0.097 0.078 0.089 1.000 0.239 0.055 0.274 0.380 0.267 0.237 0.175 0.112 0.202 0.129 0.386 0.173 0.190 0.234 0.138 0.094 0.168 0.093 0.188 0.096
0.184 0.161 0.183 0.242 0.183 0.089 0.173 0.207 0.000 0.113 0.239 1.000 0.031 0.244 0.213 0.240 0.241 0.174 0.160 0.273 0.210 0.332 0.235 0.165 0.192 0.217 0.067 0.173 0.114 0.154 0.042
0.026 0.107 0.056 0.024 0.036 0.000 0.000 0.091 0.000 0.000 0.055 0.031 1.000 0.059 0.015 0.024 0.062 0.041 0.071 0.042 0.069 0.018 0.049 0.036 0.030 0.000 0.000 0.000 0.075 0.044 0.000
0.260 0.118 0.159 0.228 0.132 0.084 0.180 0.115 0.124 0.124 0.274 0.244 0.059 1.000 0.308 0.267 0.273 0.160 0.123 0.191 0.131 0.260 0.170 0.219 0.245 0.187 0.084 0.150 0.095 0.213 0.092
0.291 0.116 0.149 0.244 0.158 0.117 0.171 0.088 0.118 0.108 0.380 0.213 0.015 0.308 1.000 0.353 0.287 0.142 0.103 0.171 0.142 0.323 0.160 0.251 0.276 0.189 0.096 0.153 0.128 0.210 0.121
0.214 0.122 0.191 0.261 0.186 0.067 0.148 0.087 0.093 0.149 0.267 0.240 0.024 0.267 0.353 1.000 0.359 0.170 0.108 0.174 0.119 0.313 0.168 0.208 0.214 0.144 0.084 0.170 0.086 0.207 0.127
0.233 0.132 0.193 0.220 0.206 0.066 0.169 0.135 0.073 0.193 0.237 0.241 0.062 0.273 0.287 0.359 1.000 0.170 0.175 0.175 0.120 0.276 0.230 0.234 0.241 0.213 0.109 0.247 0.130 0.237 0.165
0.144 0.173 0.127 0.172 0.141 0.086 0.118 0.118 0.127 0.181 0.175 0.174 0.041 0.160 0.142 0.170 0.170 1.000 0.138 0.162 0.225 0.172 0.159 0.154 0.188 0.122 0.115 0.154 0.122 0.155 0.054
0.089 0.181 0.126 0.136 0.205 0.050 0.077 0.155 0.000 0.063 0.112 0.160 0.071 0.123 0.103 0.108 0.175 0.138 1.000 0.094 0.235 0.166 0.111 0.103 0.120 0.152 0.050 0.119 0.256 0.148 0.094
0.157 0.178 0.112 0.144 0.230 0.147 0.061 0.152 0.000 0.075 0.202 0.273 0.042 0.191 0.171 0.174 0.175 0.162 0.094 1.000 0.116 0.214 0.163 0.194 0.172 0.090 0.088 0.105 0.101 0.116 0.083
0.101 0.177 0.155 0.187 0.161 0.049 0.152 0.203 0.054 0.124 0.129 0.210 0.069 0.131 0.142 0.119 0.120 0.225 0.235 0.116 1.000 0.162 0.163 0.101 0.152 0.179 0.049 0.117 0.251 0.097 0.046
0.230 0.125 0.147 0.275 0.212 0.091 0.174 0.134 0.057 0.098 0.386 0.332 0.018 0.260 0.323 0.313 0.276 0.172 0.166 0.214 0.162 1.000 0.208 0.208 0.218 0.166 0.091 0.185 0.110 0.185 0.098
0.123 0.209 0.110 0.179 0.114 0.139 0.179 0.179 0.038 0.175 0.173 0.235 0.049 0.170 0.160 0.168 0.230 0.159 0.111 0.163 0.163 0.208 1.000 0.157 0.179 0.169 0.104 0.145 0.207 0.171 0.065
0.213 0.187 0.163 0.246 0.138 0.155 0.133 0.107 0.086 0.098 0.190 0.165 0.036 0.219 0.251 0.208 0.234 0.154 0.103 0.194 0.101 0.208 0.157 1.000 0.311 0.252 0.103 0.138 0.132 0.203 0.122
0.261 0.130 0.136 0.234 0.124 0.086 0.167 0.133 0.167 0.163 0.234 0.192 0.030 0.245 0.276 0.214 0.241 0.188 0.120 0.172 0.152 0.218 0.179 0.311 1.000 0.249 0.108 0.141 0.110 0.222 0.122
0.259 0.138 0.121 0.145 0.094 0.114 0.197 0.118 0.042 0.193 0.138 0.217 0.000 0.187 0.189 0.144 0.213 0.122 0.152 0.090 0.179 0.166 0.169 0.252 0.249 1.000 0.152 0.205 0.098 0.188 0.108
0.111 0.151 0.000 0.068 0.051 0.000 0.129 0.065 0.069 0.079 0.094 0.067 0.000 0.084 0.096 0.084 0.109 0.115 0.050 0.088 0.049 0.091 0.104 0.103 0.108 0.152 1.000 0.186 0.000 0.092 0.118
0.154 0.135 0.118 0.193 0.107 0.037 0.135 0.154 0.041 0.189 0.168 0.173 0.000 0.150 0.153 0.170 0.247 0.154 0.119 0.105 0.117 0.185 0.145 0.138 0.141 0.205 0.186 1.000 0.127 0.147 0.176
0.110 0.129 0.067 0.131 0.131 0.053 0.055 0.110 0.000 0.067 0.093 0.114 0.075 0.095 0.128 0.086 0.130 0.122 0.256 0.101 0.251 0.110 0.207 0.132 0.110 0.098 0.000 0.127 1.000 0.131 0.151
0.246 0.148 0.097 0.168 0.101 0.092 0.095 0.127 0.171 0.195 0.188 0.154 0.044 0.213 0.210 0.207 0.237 0.155 0.148 0.116 0.097 0.185 0.171 0.203 0.222 0.188 0.092 0.147 0.131 1.000 0.319
0.174 0.000 0.037 0.096 0.073 0.059 0.091 0.061 0.065 0.149 0.096 0.042 0.000 0.092 0.121 0.127 0.165 0.054 0.094 0.083 0.046 0.098 0.065 0.122 0.122 0.108 0.118 0.176 0.151 0.319 1.000
