1.000 0.023 0.044 0.075 0.019 0.053 0.031 0.003 0.032 0.011 0.127 0.055 0.011 0.113 0.170 0.086 0.085 0.036 0.016 0.047 0.032 0.095 0.019 0.060 0.108 0.069 0.029 0.051 0.034 0.096 0.066
0.023 1.000 0.002 0.019 0.005 0.168 0.003 0.011 0.000 0.008 0.051 0.034 0.004 0.038 0.047 0.023 0.029 0.017 0.007 0.028 0.008 0.037 0.024 0.037 0.013 0.024 0.027 0.048 0.006 0.007 0.000
0.044 0.002 1.000 0.086 0.023 0.000 0.006 0.035 0.000 0.005 0.061 0.066 0.002 0.053 0.061 0.064 0.076 0.018 0.015 0.015 0.036 0.058 0.013 0.052 0.032 0.020 0.000 0.033 0.001 0.033 0.000
0.075 0.019 0.086 1.000 0.051 0.053 0.084 0.030 0.034 0.017 0.143 0.095 0.001 0.080 0.104 0.117 0.067 0.039 0.027 0.033 0.088 0.128 0.054 0.094 0.089 0.033 0.008 0.079 0.023 0.051 0.013
0.019 0.005 0.023 0.051 1.000 0.001 0.022 0.010 0.007 0.002 0.096 0.055 0.001 0.030 0.053 0.066 0.071 0.038 0.095 0.086 0.030 0.086 0.013 0.025 0.022 0.027 0.006 0.031 0.022 0.013 0.022
0.053 0.168 0.000 0.053 0.001 1.000 0.000 0.005 0.000 0.006 0.054 0.015 0.000 0.033 0.064 0.023 0.005 0.021 0.000 0.022 0.000 0.034 0.018 0.053 0.010 0.017 0.000 0.000 0.000 0.007 0.000
0.031 0.003 0.006 0.084 0.022 0.000 1.000 0.022 0.012 0.007 0.079 0.046 0.000 0.060 0.064 0.031 0.035 0.017 0.002 0.010 0.019 0.058 0.029 0.030 0.029 0.025 0.014 0.017 0.001 0.009 0.007
0.003 0.011 0.035 0.030 0.010 0.005 0.022 1.000 0.000 0.008 0.050 0.096 0.002 0.030 0.024 0.010 0.020 0.004 0.003 0.021 0.053 0.056 0.016 0.005 0.026 0.017 0.001 0.036 0.002 0.004 0.001
0.032 0.000 0.000 0.034 0.007 0.000 0.012 0.000 1.000 0.049 0.039 0.000 0.000 0.060 0.073 0.038 0.018 0.027 0.000 0.000 0.032 0.018 0.002 0.024 0.059 0.003 0.004 0.002 0.000 0.043 0.004
0.011 0.008 0.005 0.017 0.002 0.006 0.007 0.008 0.049 1.000 0.039 0.012 0.000 0.052 0.051 0.046 0.101 0.024 0.001 0.003 0.008 0.018 0.009 0.007 0.047 0.020 0.004 0.021 0.001 0.034 0.006
0.127 0.051 0.061 0.143 0.096 0.054 0.079 0.050 0.039 0.039 1.000 0.127 0.035 0.151 0.255 0.144 0.123 0.095 0.056 0.121 0.083 0.266 0.093 0.104 0.120 0.052 0.052 0.102 0.049 0.099 0.051
0.055 0.034 0.066 0.095 0.055 0.015 0.046 0.096 0.000 0.012 0.127 1.000 0.001 0.084 0.084 0.083 0.071 0.044 0.071 0.107 0.067 0.166 0.078 0.045 0.044 0.058 0.011 0.071 0.018 0.042 0.021
0.011 0.004 0.002 0.001 0.001 0.000 0.000 0.002 0.000 0.000 0.035 0.001 1.000 0.022 0.001 0.001 0.017 0.002 0.002 0.001 0.003 0.001 0.002 0.001 0.001 0.000 0.000 0.000 0.002 0.001 0.000
0.113 0.038 0.053 0.080 0.030 0.033 0.060 0.030 0.060 0.052 0.151 0.084 0.022 1.000 0.163 0.122 0.121 0.046 0.052 0.063 0.034 0.112 0.050 0.077 0.097 0.043 0.014 0.042 0.016 0.077 0.026
0.170 0.047 0.061 0.104 0.053 0.064 0.064 0.024 0.073 0.051 0.255 0.084 0.001 0.163 1.000 0.216 0.156 0.046 0.032 0.059 0.061 0.175 0.061 0.139 0.137 0.064 0.035 0.063 0.046 0.108 0.073
0.086 0.023 0.064 0.117 0.066 0.023 0.031 0.010 0.038 0.046 0.144 0.083 0.001 0.122 0.216 1.000 0.179 0.046 0.027 0.047 0.024 0.155 0.037 0.089 0.077 0.026 0.019 0.060 0.010 0.078 0.058
0.085 0.029 0.076 0.067 0.071 0.005 0.035 0.020 0.018 0.101 0.123 0.071 0.017 0.121 0.156 0.179 1.000 0.041 0.063 0.045 0.019 0.120 0.079 0.084 0.076 0.038 0.019 0.099 0.035 0.077 0.062
0.036 0.017 0.018 0.039 0.038 0.021 0.017 0.004 0.027 0.024 0.095 0.044 0.002 0.046 0.046 0.046 0.041 1.000 0.008 0.033 0.074 0.074 0.039 0.027 0.041 0.007 0.028 0.056 0.009 0.021 0.001
0.016 0.007 0.015 0.027 0.095 0.000 0.002 0.003 0.000 0.001 0.056 0.071 0.002 0.052 0.032 0.027 0.063 0.008 1.000 0.003 0.051 0.079 0.003 0.004 0.019 0.010 0.001 0.017 0.066 0.014 0.018
0.047 0.028 0.015 0.033 0.086 0.022 0.010 0.021 0.000 0.003 0.121 0.107 0.001 0.063 0.059 0.047 0.045 0.033 0.003 1.000 0.027 0.089 0.037 0.048 0.031 0.009 0.012 0.020 0.006 0.012 0.023
0.032 0.008 0.036 0.088 0.030 0.000 0.019 0.053 0.032 0.008 0.083 0.067 0.003 0.034 0.061 0.024 0.019 0.074 0.051 0.027 1.000 0.064 0.029 0.005 0.027 0.048 0.001 0.009 0.064 0.003 0.001
0.095 0.037 0.058 0.128 0.086 0.034 0.058 0.056 0.018 0.018 0.266 0.166 0.001 0.112 0.175 0.155 0.120 0.074 0.079 0.089 0.064 1.000 0.084 0.081 0.089 0.048 0.027 0.075 0.036 0.078 0.047
0.019 0.024 0.013 0.054 0.013 0.018 0.029 0.016 0.002 0.009 0.093 0.078 0.002 0.050 0.061 0.037 0.079 0.039 0.003 0.037 0.029 0.084 1.000 0.023 0.026 0.016 0.011 0.030 0.064 0.045 0.002
0.060 0.037 0.052 0.094 0.025 0.053 0.030 0.005 0.024 0.007 0.104 0.045 0.001 0.077 0.139 0.089 0.084 0.027 0.004 0.048 0.005 0.081 0.023 1.000 0.173 0.070 0.016 0.040 0.022 0.081 0.016
0.108 0.013 0.032 0.089 0.022 0.010 0.029 0.026 0.059 0.047 0.120 0.044 0.001 0.097 0.137 0.077 0.076 0.041 0.019 0.031 0.027 0.089 0.026 0.173 1.000 0.083 0.015 0.032 0.013 0.069 0.033
0.069 0.024 0.020 0.033 0.027 0.017 0.025 0.017 0.003 0.020 0.052 0.058 0.000 0.043 0.064 0.026 0.038 0.007 0.010 0.009 0.048 0.048 0.016 0.070 0.083 1.000 0.021 0.035 0.006 0.043 0.008
0.029 0.027 0.000 0.008 0.006 0.000 0.014 0.001 0.004 0.004 0.052 0.011 0.000 0.014 0.035 0.019 0.019 0.028 0.001 0.012 0.001 0.027 0.011 0.016 0.015 0.021 1.000 0.027 0.000 0.007 0.009
0.051 0.048 0.033 0.079 0.031 0.000 0.017 0.036 0.002 0.021 0.102 0.071 0.000 0.042 0.063 0.060 0.099 0.056 0.017 0.020 0.009 0.075 0.030 0.040 0.032 0.035 0.027 1.000 0.020 0.040 0.027
0.034 0.006 0.001 0.023 0.022 0.000 0.001 0.002 0.000 0.001 0.049 0.018 0.002 0.016 0.046 0.010 0.035 0.009 0.066 0.006 0.064 0.036 0.064 0.022 0.013 0.006 0.000 0.020 1.000 0.013 0.023
0.096 0.007 0.033 0.051 0.013 0.007 0.009 0.004 0.043 0.034 0.099 0.042 0.001 0.077 0.108 0.078 0.077 0.021 0.014 0.012 0.003 0.078 0.045 0.081 0.069 0.043 0.007 0.040 0.013 1.000 0.159
0.066 0.000 0.000 0.013 0.022 0.000 0.007 0.001 0.004 0.006 0.051 0.021 0.000 0.026 0.073 0.058 0.062 0.001 0.018 0.023 0.001 0.047 0.002 0.016 0.033 0.008 0.009 0.027 0.023 0.159 1.000
