1.000 0.270 0.292 0.335 0.300 0.325 0.316 0.249 0.279 0.300 0.289
0.270 1.000 0.251 0.285 0.307 0.226 0.282 0.299 0.294 0.278 0.237
0.292 0.251 1.000 0.354 0.315 0.355 0.350 0.287 0.283 0.334 0.317
0.335 0.285 0.354 1.000 0.354 0.392 0.364 0.318 0.315 0.368 0.374
0.300 0.307 0.315 0.354 1.000 0.316 0.328 0.351 0.310 0.341 0.329
0.325 0.226 0.355 0.392 0.316 1.000 0.364 0.281 0.323 0.322 0.329
0.316 0.282 0.350 0.364 0.328 0.364 1.000 0.318 0.356 0.357 0.369
0.249 0.299 0.287 0.318 0.351 0.281 0.318 1.000 0.321 0.357 0.293
0.279 0.294 0.283 0.315 0.310 0.323 0.356 0.321 1.000 0.339 0.327
0.300 0.278 0.334 0.368 0.341 0.322 0.357 0.357 0.339 1.000 0.336
0.289 0.237 0.317 0.374 0.329 0.329 0.369 0.293 0.327 0.336 1.000
