1.000 0.038 0.055 0.088 0.036 0.102 0.072 0.028 0.043 0.051 0.055
0.038 1.000 0.039 0.048 0.041 0.035 0.059 0.055 0.065 0.054 0.032
0.055 0.039 1.000 0.094 0.057 0.105 0.096 0.037 0.051 0.079 0.068
0.088 0.048 0.094 1.000 0.081 0.130 0.094 0.040 0.065 0.099 0.104
0.036 0.041 0.057 0.081 1.000 0.070 0.068 0.058 0.048 0.058 0.058
0.102 0.035 0.105 0.130 0.070 1.000 0.105 0.043 0.077 0.064 0.088
0.072 0.059 0.096 0.094 0.068 0.105 1.000 0.064 0.107 0.094 0.107
0.028 0.055 0.037 0.040 0.058 0.043 0.064 1.000 0.044 0.073 0.041
0.043 0.065 0.051 0.065 0.048 0.077 0.107 0.044 1.000 0.079 0.067
0.051 0.054 0.079 0.099 0.058 0.064 0.094 0.073 0.079 1.000 0.067
0.055 0.032 0.068 0.104 0.058 0.088 0.107 0.041 0.067 0.067 1.000
